0.1 0.160120956484
1.1 0.261532365023
2.1 0.0955757529978
3.1 0.0797883029699
4.1 0.0732651946652
5.1 0.068064040979
6.1 0.0585610051562
7.1 0.0580866746713
8.1 0.0568537163092
9.1 0.0547166698137
10.1 0.054028635617
11.1 0.052226787082
12.1 0.0515284101866
13.1 0.0538400873773
14.1 0.0530777275261
15.1 0.0567145018169
16.1 0.0586868099141
17.1 0.0578195790814
18.1 0.0552417991803
19.1 0.0572585239186
20.1 0.0119780783377
21.1 0.0115324220543
22.1 0.0112717202255
23.1 0.0108149311161
24.1 0.0102039990602
25.1 0.00971240940861
26.1 0.00937048143151
27.1 0.00917516665176
28.1 0.00905073954625
29.1 0.00889058109339
30.1 0.00888847670956
31.1 0.00883644642783
32.1 0.0087167230356
33.1 0.00870649183008
34.1 0.00867557554894
35.1 0.00865012363447
36.1 0.00860449739823
37.1 0.00854417664944
38.1 0.00847618686325
39.1 0.00848137562883
40.1 0.00846428851718
41.1 0.00844775827153
42.1 0.00843484755348
43.1 0.00842622483792
44.1 0.0084206851992
45.1 0.00838095303479
46.1 0.0083757380505
47.1 0.00828552608498
48.1 0.00816512636903
49.1 0.00819061160819
50.1 0.00815275883448
51.1 0.00808344140997
52.1 0.00806279965419
53.1 0.00804663714958
54.1 0.00801321645658
55.1 0.00800431248128
56.1 0.00799776652393
57.1 0.00799163545389
58.1 0.00798310363836
59.1 0.0079787492802
60.1 0.00797504250462
61.1 0.0079714856063
62.1 0.00796784329389
63.1 0.007963817596
64.1 0.0078939628736
65.1 0.00786988813669
66.1 0.0078623601284
67.1 0.00780298339611
68.1 0.00779344139851
69.1 0.00778414925024
70.1 0.00767407645248
71.1 0.00766833972499
72.1 0.00766715573494
73.1 0.00764986702213
74.1 0.00764752552819
75.1 0.00763425393367
76.1 0.00762230405286
77.1 0.00761300090079
78.1 0.00759558708061
79.1 0.00759143450381
80.1 0.00758825819742
81.1 0.00758193228988
82.1 0.00757842560441
83.1 0.00757594939885
84.1 0.00757413551518
85.1 0.00757272024179
86.1 0.00757015332597
87.1 0.00751640838106
88.1 0.007465188607
89.1 0.00746607254111
90.1 0.00748112830654
91.1 0.00747494416764
92.1 0.00746633317498
93.1 0.00745652180768
94.1 0.00744878013981
95.1 0.00744499298658
96.1 0.00744434378641
97.1 0.00744523422536
98.1 0.0074466261563
99.1 0.00744797664588
100.1 0.00744886874819
101.1 0.0074494716609
102.1 0.00744987917402
103.1 0.00745014426915
104.1 0.00745032929298
105.1 0.00745039191608
106.1 0.00744978716648
107.1 0.00744926426051
108.1 0.00744888300448
109.1 0.00744865108287
110.1 0.00744864584701
111.1 0.00743096975006
112.1 0.0074315285032
113.1 0.00743251878586
114.1 0.00743390539484
115.1 0.00743583085271
116.1 0.00743757239825
117.1 0.00743930124437
118.1 0.00744105202383
119.1 0.00744252576324
120.1 0.0074440561607
121.1 0.00744593656389
122.1 0.00744673734096
123.1 0.00744783367977
124.1 0.00744912563584
125.1 0.0074499716859
126.1 0.00745146291979
127.1 0.00745270008967
128.1 0.00745399013095
129.1 0.00745576404865
130.1 0.00745693313739
131.1 0.00745793255825
132.1 0.00745978848989
133.1 0.00746177007869
134.1 0.00746383048035
135.1 0.0074650102354
136.1 0.0074670304365
137.1 0.00746901129355
138.1 0.00747051230629
139.1 0.0074727255725
140.1 0.00747518421433
141.1 0.00747684208215
142.1 0.00747950994668
143.1 0.00748170595379
144.1 0.00748429188927
145.1 0.00748628873255
146.1 0.00748924447042
147.1 0.00749186328283
148.1 0.00749481316437
149.1 0.00749770972498
150.1 0.00750036386827
151.1 0.00750344628333
152.1 0.00750655585637
153.1 0.00750967082887
154.1 0.0075128278757
155.1 0.00751605925982
156.1 0.00751938023978
157.1 0.0075227746753
158.1 0.00752626639836
159.1 0.00752968100679
160.1 0.00753308184206
161.1 0.00753656446702
162.1 0.0075399576699
163.1 0.00754302532822
164.1 0.00754608438304
165.1 0.00754915054885
166.1 0.00755223730296
167.1 0.00755535627028
168.1 0.00755851748849
169.1 0.0075617297586
170.1 0.00756500086513
171.1 0.00756833772847
172.1 0.0075717458397
173.1 0.00757523071833
174.1 0.0075787977538
175.1 0.00758245207441
176.1 0.00758581353591
177.1 0.00758900427112
178.1 0.0075922824263
179.1 0.00759565210677
180.1 0.00759911756963
181.1 0.00760268317433
182.1 0.0076063533552
183.1 0.0076101326919
184.1 0.00761402597299
185.1 0.00761803816378
186.1 0.00762217443013
187.1 0.00762644018694
188.1 0.00763084110299
189.1 0.00763538314436
190.1 0.00764007256336
191.1 0.00764491595975
192.1 0.0076499202668
193.1 0.00765509279989
194.1 0.00766044129599
195.1 0.00766597394097
196.1 0.00767169938269
197.1 0.0076776267768
198.1 0.00768376584
199.1 0.00769012686656
200.1 0.00769672078473
201.1 0.00770355920656
202.1 0.00771065447115
203.1 0.00771801969862
204.1 0.00772566885492
205.1 0.00773361681943
206.1 0.00774187945366
207.1 0.00775047367727
208.1 0.00775941754651
209.1 0.00776873035926
210.1 0.00777843274761
211.1 0.00778854678755
212.1 0.00779909612341
213.1 0.00781010609629
214.1 0.00782160388858
215.1 0.00783361868258
216.1 0.00784618183494
217.1 0.0078593270686
218.1 0.00787309068421
219.1 0.00788751179337
220.1 0.0079026325761
221.1 0.00791849856552
222.1 0.00793515896288
223.1 0.0079526669867
224.1 0.00797108026014
225.1 0.00799046124147
226.1 0.00801087770285
227.1 0.00803240326384
228.1 0.00805511798658
229.1 0.00807910904081
230.1 0.00810447144798
231.1 0.00813041285622
232.1 0.00815689368102
233.1 0.00818534306421
234.1 0.00821586339381
235.1 0.00824857594277
236.1 0.00828361939179
237.1 0.00832115178041
238.1 0.00836135248408
239.1 0.00840442430748
240.1 0.00845059582057
241.1 0.00850012403643
242.1 0.00855329751695
243.1 0.00861043999206
244.1 0.00867191458541
245.1 0.00873812875254
246.1 0.00880954005697
247.1 0.00888666293415
248.1 0.00897007662519
249.1 0.00906043450168
250.1 0.00915847505359
251.1 0.0092650348744
252.1 0.00938106405777
253.1 0.00950764452
254.1 0.00964601189115
255.1 0.00979758178143
256.1 0.00996398144052
257.1 0.0101470881012
258.1 0.0103490756536
259.1 0.0105724717644
260.1 0.0108202281667
261.1 0.0110958076647
262.1 0.0114032924822
263.1 0.0117475200463
264.1 0.0121342542699
265.1 0.012570403084
266.1 0.0130642966364
267.1 0.0136260456186
268.1 0.0142680061326
269.1 0.0150053871157
270.1 0.0158570495931
271.1 0.0168465652009
272.1 0.0180036259802
273.1 0.0193659294083
274.1 0.0209816850228
275.1 0.0228990120834
276.1 0.0249604171628
277.1 0.0270970379567
278.1 0.0294274361557
279.1 0.0320250747668
280.1 0.0349588047549
281.1 0.0383169981037
282.1 0.0422105523533
283.1 0.0467928903045
284.1 0.0522689728116
285.1 0.0588509298324
286.1 0.0668300234143
287.1 0.0765818346083
288.1 0.0885054208143
289.1 0.102867284601
290.1 0.119658174579
291.1 0.136998290777
292.1 0.146614733844
293.1 0.147447076258
294.1 0.146800527851
295.1 0.145849991176
296.1 0.144516174711
297.1 0.142556721826
298.1 0.139700038698
299.1 0.135643705814
300.1 0.129939135931
301.1 0.1220825278
302.1 0.111820070103
303.1 0.0989716725255
304.1 0.083798682942
305.1 0.0671760567834
306.1 0.0503534935238
307.1 0.0345248239284
308.1 0.0202394847278
309.1 0.00576845628161
310.1 0.000351070150609
311.1 5.37347294179e-05
312.1 2.46767151482e-05
313.1 1.33276611636e-05
314.1 9.30340384336e-06
315.1 7.26516466458e-06
316.1 6.0592941679e-06
317.1 5.39645980724e-06
318.1 5.09428540143e-06
319.1 4.88952333838e-06
320.1 4.7005880784e-06
321.1 4.52638549809e-06
322.1 4.36710879727e-06
323.1 4.22289857475e-06
324.1 4.09428860173e-06
325.1 3.98202757438e-06
326.1 3.88624439057e-06
327.1 3.80591749341e-06
328.1 3.73966496769e-06
329.1 3.68554307341e-06
330.1 3.64135710067e-06
331.1 3.60516889571e-06
332.1 3.5751113894e-06
333.1 3.55000093504e-06
334.1 3.52831726909e-06
335.1 3.50977411918e-06
336.1 3.49332498669e-06
337.1 3.47817341372e-06
338.1 3.46386311335e-06
339.1 3.45023966557e-06
340.1 3.43725628925e-06
341.1 3.42487079136e-06
342.1 3.41304496501e-06
343.1 3.40174407166e-06
344.1 3.39093641219e-06
345.1 3.38059296664e-06
346.1 3.37068708837e-06
347.1 3.36119424257e-06
348.1 3.35209178132e-06
349.1 3.34335874896e-06
350.1 3.33497571298e-06
351.1 3.32692461627e-06
352.1 3.31918864765e-06
353.1 3.31175212782e-06
354.1 3.30460040859e-06
355.1 3.29771978357e-06
356.1 3.29109740863e-06
357.1 3.28472123093e-06
358.1 3.27857992544e-06
359.1 3.27266283782e-06
360.1 3.26695993309e-06
361.1 3.26146174929e-06
362.1 3.25615935546e-06
363.1 3.25104431359e-06
364.1 3.24610864403e-06
365.1 3.2413447939e-06
366.1 3.23674560833e-06
367.1 3.23230430407e-06
368.1 3.22801444533e-06
369.1 3.22386992158e-06
370.1 3.21986492714e-06
371.1 3.21599394233e-06
372.1 3.21225171612e-06
373.1 3.20863325003e-06
374.1 3.20513378326e-06
375.1 3.20174877888e-06
376.1 3.19847391104e-06
377.1 3.19530505303e-06
378.1 3.19223826617e-06
379.1 3.18926978949e-06
380.1 3.18639603007e-06
381.1 3.18361355404e-06
382.1 3.1809190781e-06
383.1 3.17830946167e-06
384.1 3.17578169945e-06
385.1 3.17333291454e-06
386.1 3.17096035184e-06
387.1 3.168661372e-06
388.1 3.16643344562e-06
389.1 3.16427414784e-06
390.1 3.16218115326e-06
391.1 3.1601522311e-06
392.1 3.15818524065e-06
393.1 3.15627812704e-06
394.1 3.15442891716e-06
395.1 3.15263571583e-06
396.1 3.15089670222e-06
397.1 3.14921012639e-06
398.1 3.1475743061e-06
399.1 3.1459876237e-06
