0.5 0.109196164446
2.5 0.0109218635866
4.5 0.00542188083877
6.5 0.0035783802972
8.5 0.00332535352466
10.5 0.00355475081516
12.5 0.00398214261307
14.5 0.00451938481856
16.5 0.00512224125334
18.5 0.00576342014295
20.5 0.00642467833915
22.5 0.00709377915415
24.5 0.0077626122077
26.5 0.00842535346683
28.5 0.00907764796426
30.5 0.00971676110439
32.5 0.0103409660669
34.5 0.0109487571534
36.5 0.0115393689636
38.5 0.0121123349221
40.5 0.0126674502899
42.5 0.0132047054668
44.5 0.0137242362552
46.5 0.0142262848612
48.5 0.0147111695977
50.5 0.0151792616118
52.5 0.0156309672393
54.5 0.0160667148178
56.5 0.0164869449906
58.5 0.0168921037033
60.5 0.0172826372489
62.5 0.0176589888448
64.5 0.0180215963363
66.5 0.0183708907107
68.5 0.0187072951811
70.5 0.0190312246595
72.5 0.0193430854866
74.5 0.0196432753207
76.5 0.0199321831206
78.5 0.0202101891751
80.5 0.0204776651508
82.5 0.0207349741394
84.5 0.0209824706965
86.5 0.021220500866
88.5 0.0214494021926
90.5 0.0216695037224
92.5 0.0218811259971
94.5 0.0220845810443
96.5 0.0222801723691
98.5 0.0224681949504
100.5 0.022648935245
102.5 0.022822671203
104.5 0.0229896722958
106.5 0.023150199558
108.5 0.0233045056454
110.5 0.0234528349084
112.5 0.0235954234809
114.5 0.0237324993849
116.5 0.0238642826492
118.5 0.0239909854424
120.5 0.0241128122179
122.5 0.0242299598705
124.5 0.0243426179033
126.5 0.0244509686028
128.5 0.0245551872213
130.5 0.0246554421662
132.5 0.024751895193
134.5 0.0248447016021
136.5 0.0249340104383
138.5 0.0250199646912
140.5 0.0251027014958
142.5 0.0251823523328
144.5 0.0252590432275
146.5 0.025332894946
148.5 0.0254040231889
150.5 0.0254725387821
152.5 0.0255385478629
154.5 0.0256021520626
156.5 0.0256634486842
158.5 0.0257225308754
160.5 0.0257794877964
162.5 0.0258344047829
164.5 0.0258873635032
166.5 0.0259384421106
168.5 0.0259877153903
170.5 0.0260352549004
172.5 0.026081129108
174.5 0.0261254035207
176.5 0.0261681408115
178.5 0.0262094009396
180.5 0.0262492412665
182.5 0.0262877166665
184.5 0.0263248796329
186.5 0.0263607803801
188.5 0.0263954669403
190.5 0.0264289852575
192.5 0.0264613792758
194.5 0.0264926910252
196.5 0.0265229607029
198.5 0.0265522267513
200.5 0.28366416231
