0.1 0.158414168641
1.1 0.278439716249
2.1 0.117370606065
3.1 0.0913257523927
4.1 0.084119445881
5.1 0.0770370580747
6.1 0.0758170201027
7.1 0.0739309693624
8.1 0.0763905681161
9.1 0.0705183919667
10.1 0.0724671273864
11.1 0.0657954825121
12.1 0.065824421023
13.1 0.0698221195873
14.1 0.0639048708942
15.1 0.064601696609
16.1 0.0322382259339
17.1 0.0132220614455
18.1 0.0131081774672
19.1 0.0123930717148
20.1 0.0117625499993
21.1 0.0110653686885
22.1 0.0104888366606
23.1 0.0100987967839
24.1 0.0097992362919
25.1 0.00968556563947
26.1 0.00961528261849
27.1 0.00957813390665
28.1 0.00953768794175
29.1 0.00948345302339
30.1 0.00948491227812
31.1 0.00946414721059
32.1 0.00943981201671
33.1 0.0094160803053
34.1 0.0093954101788
35.1 0.0093738638084
36.1 0.00927899210463
37.1 0.00925731424399
38.1 0.00923075487137
39.1 0.00919237349336
40.1 0.00910422313607
41.1 0.00890835544894
42.1 0.00880636262866
43.1 0.00874645834334
44.1 0.00870973810231
45.1 0.00858246154242
46.1 0.00854377306851
47.1 0.00849997629215
48.1 0.00848127127655
49.1 0.008468351074
50.1 0.008465677796
51.1 0.00846316641403
52.1 0.00846120379688
53.1 0.008444004978
54.1 0.00843985223531
55.1 0.00843429835297
56.1 0.00842784877835
57.1 0.00842121088008
58.1 0.00841518133738
59.1 0.00840939399803
60.1 0.00840371435513
61.1 0.00835751200116
62.1 0.00834524441165
63.1 0.00833113603739
64.1 0.00831671446175
65.1 0.00830518773586
66.1 0.0082967437085
67.1 0.0082396128072
68.1 0.0082365356328
69.1 0.00822500485389
70.1 0.00822251562051
71.1 0.00805665987755
72.1 0.00809701227533
73.1 0.00808333677714
74.1 0.00806723880316
75.1 0.00805396253971
76.1 0.00798832381268
77.1 0.00798532848181
78.1 0.00798230619139
79.1 0.00797922361899
80.1 0.00797683582545
81.1 0.00797618174606
82.1 0.007976869048
83.1 0.00796224374021
84.1 0.00796325432108
85.1 0.00795403728768
86.1 0.00795396965789
87.1 0.00795342059657
88.1 0.00795240352735
89.1 0.00795191511454
90.1 0.00795150657982
91.1 0.007951223562
92.1 0.00794495516096
93.1 0.00792702753629
94.1 0.00792546339683
95.1 0.00792350088147
96.1 0.00792195027303
97.1 0.0079213945299
98.1 0.00792201256304
99.1 0.0079234987917
100.1 0.00792517600509
101.1 0.00792685434555
102.1 0.00792848750054
103.1 0.00793005013815
104.1 0.00793159681831
105.1 0.00793307934032
106.1 0.00793460257976
107.1 0.00793624776078
108.1 0.0079380455937
109.1 0.00794032748245
110.1 0.00794234004672
111.1 0.00794479803062
112.1 0.00794702680214
113.1 0.00794977755655
114.1 0.00795267239743
115.1 0.0079551406701
116.1 0.00795789673831
117.1 0.00796129076383
118.1 0.00796368424025
119.1 0.00796649829563
120.1 0.00796980517506
121.1 0.0079721488144
122.1 0.00797415119191
123.1 0.00797632004011
124.1 0.00797888331164
125.1 0.00798082195549
126.1 0.00798306257553
127.1 0.0079854263395
128.1 0.00798797836154
129.1 0.00799033655354
130.1 0.00799257131884
131.1 0.00799546831737
132.1 0.00799800287415
133.1 0.00800031484188
134.1 0.00800278809131
135.1 0.00800557603025
136.1 0.00800819564646
137.1 0.00801103575803
138.1 0.00801392789564
139.1 0.00801616575634
140.1 0.00801954035637
141.1 0.00802244965785
142.1 0.00802575283207
143.1 0.00802901047824
144.1 0.00803172770015
145.1 0.00803430707581
146.1 0.00803678475466
147.1 0.00803911830964
148.1 0.00804142480603
149.1 0.00804372184493
150.1 0.00804602385851
151.1 0.00804834292023
152.1 0.00805068911636
153.1 0.00805307100675
154.1 0.00805549585493
155.1 0.00805796996536
156.1 0.00806049891162
157.1 0.00806308780409
158.1 0.00806574102614
159.1 0.00806846269651
160.1 0.00807125656859
161.1 0.00807412614854
162.1 0.00807693562373
163.1 0.00807978218364
164.1 0.00808268662737
165.1 0.00808565535641
166.1 0.0080886940884
167.1 0.00809180803443
168.1 0.00809500209325
169.1 0.008098280952
170.1 0.00810164910145
171.1 0.00810511079876
172.1 0.0081086605911
173.1 0.00811230391265
174.1 0.00811604468497
175.1 0.00811988808184
176.1 0.00812383920054
177.1 0.00812790313106
178.1 0.00813208492455
179.1 0.00813638962958
180.1 0.00814082233697
181.1 0.00814538835875
182.1 0.00815009310231
183.1 0.0081549421324
184.1 0.00815964341281
185.1 0.00816433074727
186.1 0.00816908644489
187.1 0.0081739279046
188.1 0.00817887087488
189.1 0.00818392981858
190.1 0.0081891181675
191.1 0.00819444862208
192.1 0.00819993334546
193.1 0.008205584174
194.1 0.00821141274004
195.1 0.00821743067664
196.1 0.00822364937088
197.1 0.00823008034286
198.1 0.00823673582031
199.1 0.00824362847707
200.1 0.00825077154309
201.1 0.00825817887099
202.1 0.00826586502956
203.1 0.00827384536617
204.1 0.00828213611058
205.1 0.00829075444991
206.1 0.00829971864835
207.1 0.00830904813613
208.1 0.00831876361746
209.1 0.00832888718655
210.1 0.00833944245266
211.1 0.00835045467562
212.1 0.00836195091311
213.1 0.00837396018127
214.1 0.00838651363037
215.1 0.00839964473715
216.1 0.00841338951629
217.1 0.00842778675286
218.1 0.00844287826066
219.1 0.00845870915964
220.1 0.0084753281912
221.1 0.00849278806812
222.1 0.00851114585745
223.1 0.00853046340721
224.1 0.00855080782151
225.1 0.00857225198989
226.1 0.00859487517819
227.1 0.0086187636888
228.1 0.00864401159996
229.1 0.00866956308048
230.1 0.00869582253293
231.1 0.00872403848212
232.1 0.00875431578163
233.1 0.00878677477138
234.1 0.00882155229804
235.1 0.00885880406334
236.1 0.00889870682738
237.1 0.00894146062917
238.1 0.00898729119007
239.1 0.00903645262577
240.1 0.00908923057055
241.1 0.00914594580997
242.1 0.00920695852232
243.1 0.00927267324067
244.1 0.0093435446654
245.1 0.00942008448281
246.1 0.00950286937735
247.1 0.00959255046699
248.1 0.00968986444315
249.1 0.00979564676335
250.1 0.00991084732823
251.1 0.010036549182
252.1 0.0101739909121
253.1 0.0103245936006
254.1 0.010489993409
255.1 0.0106720811748
256.1 0.0108730507937
257.1 0.0110954586766
258.1 0.0113422972637
259.1 0.0116170865072
260.1 0.0119239884905
261.1 0.0122679520703
262.1 0.0126548967943
263.1 0.0130919486374
264.1 0.0135877447206
265.1 0.0141528307222
266.1 0.0148001840723
267.1 0.0155459095876
268.1 0.0164101740283
269.1 0.0174184753209
270.1 0.0186033857478
271.1 0.0200069737329
272.1 0.0216842072064
273.1 0.0237077892815
274.1 0.026174802551
275.1 0.0291929637834
276.1 0.0325232861759
277.1 0.0360514913313
278.1 0.0400046794363
279.1 0.0445680541967
280.1 0.0499194880242
281.1 0.0562595444742
282.1 0.0638555042907
283.1 0.0730401541293
284.1 0.0841986445874
285.1 0.0977302932695
286.1 0.113836117238
287.1 0.131725742919
288.1 0.146270797417
289.1 0.150534244019
290.1 0.150262925408
291.1 0.149940528577
292.1 0.149519606247
293.1 0.148952978544
294.1 0.147397796934
295.1 0.144853000232
296.1 0.141156385056
297.1 0.1357101746
298.1 0.127946030741
299.1 0.117353368119
300.1 0.103748288996
301.1 0.0873415117532
302.1 0.0690341679111
303.1 0.0504933853457
304.1 0.0327241709497
305.1 0.0153496609313
306.1 0.00229413572172
307.1 0.000193812035416
308.1 8.12384277377e-05
309.1 3.23611167504e-05
310.1 1.12914808784e-05
311.1 7.6727891881e-06
312.1 6.22583110303e-06
313.1 5.71475260208e-06
314.1 5.47860506571e-06
315.1 5.22275346202e-06
316.1 5.01712079894e-06
317.1 4.82490773543e-06
318.1 4.64367990462e-06
319.1 4.47335120061e-06
320.1 4.31447776506e-06
321.1 4.16801177826e-06
322.1 4.03572851153e-06
323.1 3.91958551392e-06
324.1 3.81956517201e-06
325.1 3.73509828592e-06
326.1 3.66509210894e-06
327.1 3.60808026445e-06
328.1 3.56138893954e-06
329.1 3.52315169631e-06
330.1 3.49177341659e-06
331.1 3.46549398621e-06
332.1 3.44318597162e-06
333.1 3.42334569847e-06
334.1 3.40552403123e-06
335.1 3.38916842734e-06
336.1 3.3737896272e-06
337.1 3.35926491075e-06
338.1 3.34553191743e-06
339.1 3.33253474054e-06
340.1 3.32022299156e-06
341.1 3.30855104031e-06
342.1 3.29747739049e-06
343.1 3.28696416228e-06
344.1 3.27697665997e-06
345.1 3.26748300749e-06
346.1 3.25845383891e-06
347.1 3.24986203355e-06
348.1 3.24168248776e-06
349.1 3.23389191724e-06
350.1 3.22646868454e-06
351.1 3.21939264801e-06
352.1 3.21264502868e-06
353.1 3.20620829251e-06
354.1 3.2000660457e-06
355.1 3.19420294133e-06
356.1 3.18860459579e-06
357.1 3.18325751356e-06
358.1 3.17814901953e-06
359.1 3.17326719768e-06
360.1 3.16860083563e-06
361.1 3.16413937403e-06
362.1 3.15987286062e-06
363.1 3.15579190814e-06
364.1 3.15188765589e-06
365.1 3.14815173441e-06
366.1 3.14457623305e-06
367.1 3.14115367013e-06
368.1 3.13787696544e-06
369.1 3.13473941477e-06
370.1 3.13173466648e-06
371.1 3.1288566997e-06
372.1 3.1260998042e-06
373.1 3.12345856166e-06
374.1 3.12092782822e-06
375.1 3.11850271842e-06
376.1 3.11617859001e-06
377.1 3.11395103e-06
378.1 3.11181584151e-06
379.1 3.10976903156e-06
380.1 3.10780679965e-06
381.1 3.10592552706e-06
382.1 3.10412176684e-06
383.1 3.10239223448e-06
384.1 3.10073379907e-06
385.1 3.09914347511e-06
386.1 3.09761841478e-06
387.1 3.09615590066e-06
388.1 3.09475333893e-06
389.1 3.09340825295e-06
390.1 3.09211827724e-06
391.1 3.09088115175e-06
392.1 3.08969471662e-06
393.1 3.08855690703e-06
394.1 3.08746574851e-06
395.1 3.08641935245e-06
396.1 3.08541591189e-06
397.1 3.08445369747e-06
398.1 3.08353105373e-06
399.1 3.08264639553e-06
